0	8.319676245981014E-6
1	9.429124202804167E-6
10	6.582088265737492E-6
11	8.315378960098234E-6
12	7.90205431139897E-6
13	8.495682670073243E-6
14	8.539783622696811E-6
15	7.781042897447627E-6
16	8.244171238977035E-6
17	8.678318907301209E-6
18	9.80109469807593E-6
19	7.995956394527087E-6
2	6.534032344113507E-6
20	1.0008775890591286E-5
21	1.034132018921022E-5
22	1.1867362739470116E-5
23	1.0549334246721936E-5
3	6.552524665415432E-6
4	7.2960176772085435E-6
5	9.94760454577106E-6
6	1.0711250859875417E-5
7	8.879276170069324E-6
8	8.759378247362665E-6
9	7.622682410587354E-6
